# CastleCall Object Map (by iairu)
# generated using bpy library and a script for custom syntax definition
# ---------------------------------------------------
# @scene (@X => unknown)
# id pos_x y z rot_x y z scale_x y z dim_x y z

@1
# X_[_player_camera] 0.281557 -0.051444 0.056579 1.526335 -0.000037 1.489686 0.010000 0.010000 0.010000 0.000000 0.000000 0.000000
# X_[_portal_x] 0.085259 -0.001341 0.007854 1.570916 -0.000076 1.610212 0.010000 0.010000 0.010000 0.000000 0.000000 0.000000
0 -0.183031 0.168268 0.098914 0.881228 0.529667 0.000000 0.010000 0.010000 0.010000 0.000000 0.000000 0.000000
1 0.000000 0.000000 -0.107389 0.000000 -0.000000 3.141593 0.343142 0.343142 0.343142 0.680067 0.680067 0.311585
2 0.142767 -0.006764 -0.008916 0.000000 -0.000000 0.000000 -0.051233 -0.051233 -0.051233 0.227038 0.214540 0.087986
3 0.105614 0.030559 -0.007921 0.000000 0.000000 0.000000 0.000978 0.000978 0.000978 0.006095 0.006698 0.007340
4 0.000541 0.018201 -0.061818 0.000000 -0.000000 -3.414401 0.417848 0.417848 0.417848 0.835696 0.835696 0.000000
5 0.242328 -0.044932 0.057240 1.570796 -0.000000 1.570796 0.238381 0.238381 0.238381 0.038447 0.009372 0.002641
6 0.244651 -0.046684 0.047549 1.570796 -0.000000 1.545275 0.002580 0.002580 0.002580 0.019079 0.001840 0.001286
7 0.090228 0.033740 0.008568 -0.171275 -0.718544 -0.555873 0.020561 0.020561 0.020561 0.036805 0.039912 0.042305
7 0.072860 0.049520 0.005221 1.183663 -1.500287 -3.571772 0.021950 0.021950 0.021950 0.039292 0.042610 0.045164
7 0.111421 0.115633 0.030183 0.869743 -1.252962 -2.625427 0.052457 0.052457 0.052457 0.093901 0.101830 0.107934
7 0.069171 0.029957 0.001271 1.743189 -0.075282 -4.033979 0.010761 0.010761 0.010761 0.019263 0.020890 0.022142
8 -0.050414 0.072681 0.001109 0.000000 0.000000 0.000000 0.222139 0.235563 0.111417 0.232854 0.269794 0.065453
9 0.069468 -0.001595 0.005961 0.000000 0.000000 0.000000 0.001477 0.010485 0.014932 0.003682 0.020970 0.033501
10 0.070978 0.001658 0.002370 0.000000 -0.000000 3.141593 0.005648 0.010000 0.010817 0.027466 0.119986 0.037919
12 0.091546 -0.000290 -0.009640 0.000000 0.065897 0.000000 0.028234 0.020807 0.020807 0.036038 0.020000 0.002904

@2
# X_[_portal_x] 0.085259 -0.001341 0.007854 1.570916 -0.000076 1.610212 0.010000 0.010000 0.010000 0.000000 0.000000 0.000000
# X_[_portal_y] 0.027947 0.043821 0.007854 1.570916 -0.000076 0.039415 0.010000 0.010000 0.010000 0.000000 0.000000 0.000000
0 -0.183031 0.168268 0.098914 0.881228 0.529667 0.000000 0.010000 0.010000 0.010000 0.000000 0.000000 0.000000
1 0.000000 0.000000 -0.107389 0.000000 -0.000000 3.141593 0.343142 0.343142 0.343142 0.680067 0.680067 0.311585
7 0.090228 0.033740 0.008568 -0.171275 -0.718544 -0.555873 0.020561 0.020561 0.020561 0.036805 0.039912 0.042305
7 0.072860 0.049520 0.005221 1.183663 -1.500287 -3.571772 0.021950 0.021950 0.021950 0.039292 0.042610 0.045164
7 0.111421 0.115633 0.030183 0.869743 -1.252962 -2.625427 0.052457 0.052457 0.052457 0.093901 0.101830 0.107934
7 0.069171 0.029957 0.001271 1.743189 -0.075282 -4.033979 0.010761 0.010761 0.010761 0.019263 0.020890 0.022142
8 -0.050414 0.072681 0.001109 0.000000 0.000000 0.000000 0.222139 0.235563 0.111417 0.232854 0.269794 0.065453
9 0.069468 -0.001595 0.005961 0.000000 0.000000 0.000000 0.001477 0.010485 0.014932 0.003682 0.020970 0.033501
10 0.070978 0.001658 0.002370 0.000000 -0.000000 3.141593 0.005648 0.010000 0.010817 0.027466 0.119986 0.037919
11 -0.085320 -0.084790 -0.000000 0.000000 -0.000000 1.808106 0.010000 0.010000 0.010000 0.166442 0.158511 0.035514
12 0.091546 -0.000290 -0.009640 0.000000 0.065897 0.000000 0.028234 0.020807 0.020807 0.036038 0.020000 0.002904
13 -0.051582 0.071026 0.002104 0.000000 0.000000 0.000000 0.020807 0.020807 0.020807 0.139422 0.046397 0.040278
14 -0.090310 0.061979 0.033329 0.000000 0.000000 0.000000 0.032880 0.032880 0.032880 0.124555 0.124555 0.158285

@3
# X_[_portal_y] 0.027947 0.043821 0.007854 1.570916 -0.000076 0.039415 0.010000 0.010000 0.010000 0.000000 0.000000 0.000000
0 -0.183031 0.168268 0.098914 0.881228 0.529667 0.000000 0.010000 0.010000 0.010000 0.000000 0.000000 0.000000
1 0.000000 0.000000 -0.107389 0.000000 -0.000000 3.141593 0.343142 0.343142 0.343142 0.680067 0.680067 0.311585
13 -0.051582 0.071026 0.002104 0.000000 0.000000 0.000000 0.020807 0.020807 0.020807 0.139422 0.046397 0.040278
14 -0.090310 0.061979 0.033329 0.000000 0.000000 0.000000 0.032880 0.032880 0.032880 0.124555 0.124555 0.158285
15 -0.090310 0.061979 0.156849 0.000000 -0.000000 1.287305 0.032880 0.032880 0.032880 0.035389 0.035244 0.129824
